0.00 0.02 0.01 0.48 0.50 0.47 0.46 0.47 0.50 0.52 0.52 0.53 0.54 0.53 0.52 0.52 0.54 0.54 0.62 0.60 0.60 0.54 0.54 0.53 0.54 0.55 0.51 0.51 0.50 0.50
0.02 0.00 0.01 0.42 0.43 0.41 0.55 0.56 0.59 0.50 0.50 0.51 0.54 0.53 0.52 0.49 0.51 0.52 0.57 0.55 0.55 0.53 0.53 0.52 0.60 0.61 0.58 0.45 0.45 0.45
0.01 0.01 0.00 0.46 0.47 0.45 0.54 0.55 0.58 0.50 0.50 0.50 0.52 0.51 0.50 0.50 0.52 0.53 0.61 0.59 0.59 0.53 0.53 0.52 0.55 0.57 0.53 0.47 0.47 0.47
0.48 0.42 0.46 0.00 0.03 0.02 0.63 0.69 0.68 0.43 0.45 0.45 0.63 0.60 0.60 0.53 0.54 0.53 0.57 0.54 0.55 0.61 0.59 0.62 0.43 0.43 0.41 0.52 0.53 0.51
0.50 0.43 0.47 0.03 0.00 0.01 0.59 0.65 0.63 0.46 0.48 0.48 0.52 0.50 0.50 0.53 0.52 0.52 0.61 0.59 0.59 0.63 0.61 0.64 0.54 0.54 0.52 0.47 0.49 0.47
0.47 0.41 0.45 0.02 0.01 0.00 0.57 0.63 0.62 0.47 0.49 0.49 0.63 0.60 0.61 0.52 0.52 0.52 0.58 0.56 0.56 0.63 0.60 0.64 0.54 0.53 0.52 0.45 0.46 0.44
0.46 0.55 0.54 0.63 0.59 0.57 0.00 0.01 0.01 0.75 0.75 0.76 0.61 0.61 0.61 0.51 0.52 0.53 0.56 0.58 0.54 0.60 0.61 0.59 0.61 0.57 0.60 0.52 0.51 0.51
0.47 0.56 0.55 0.69 0.65 0.63 0.01 0.00 0.01 0.71 0.70 0.71 0.57 0.58 0.57 0.51 0.52 0.53 0.53 0.55 0.52 0.58 0.59 0.57 0.65 0.62 0.65 0.53 0.53 0.52
0.50 0.59 0.58 0.68 0.63 0.62 0.01 0.01 0.00 0.72 0.71 0.72 0.53 0.54 0.54 0.50 0.50 0.52 0.53 0.55 0.52 0.63 0.65 0.62 0.66 0.63 0.65 0.51 0.52 0.51
0.52 0.50 0.50 0.43 0.46 0.47 0.75 0.71 0.72 0.00 0.00 0.00 0.45 0.48 0.44 0.69 0.68 0.68 0.44 0.41 0.44 0.53 0.54 0.55 0.54 0.57 0.55 0.52 0.54 0.51
0.52 0.50 0.50 0.45 0.48 0.49 0.75 0.70 0.71 0.00 0.00 0.00 0.44 0.47 0.43 0.68 0.66 0.66 0.45 0.42 0.45 0.55 0.56 0.57 0.54 0.58 0.55 0.51 0.53 0.50
0.53 0.51 0.50 0.45 0.48 0.49 0.76 0.71 0.72 0.00 0.00 0.00 0.43 0.45 0.42 0.68 0.67 0.67 0.45 0.43 0.45 0.55 0.57 0.57 0.52 0.56 0.54 0.51 0.53 0.51
0.54 0.54 0.52 0.63 0.52 0.63 0.61 0.57 0.53 0.45 0.44 0.43 0.00 0.00 0.00 0.53 0.51 0.52 0.53 0.57 0.55 0.56 0.58 0.55 0.55 0.58 0.56 0.62 0.67 0.66
0.53 0.53 0.51 0.60 0.50 0.60 0.61 0.58 0.54 0.48 0.47 0.45 0.00 0.00 0.01 0.52 0.50 0.51 0.57 0.61 0.59 0.58 0.60 0.58 0.51 0.54 0.52 0.62 0.67 0.65
0.52 0.52 0.50 0.60 0.50 0.61 0.61 0.57 0.54 0.44 0.43 0.42 0.00 0.01 0.00 0.53 0.51 0.52 0.55 0.60 0.58 0.55 0.57 0.55 0.52 0.56 0.53 0.66 0.71 0.69
0.52 0.49 0.50 0.53 0.53 0.52 0.51 0.51 0.50 0.69 0.68 0.68 0.53 0.52 0.53 0.00 0.00 0.00 0.57 0.64 0.62 0.48 0.48 0.48 0.62 0.60 0.60 0.60 0.57 0.60
0.54 0.51 0.52 0.54 0.52 0.52 0.52 0.52 0.50 0.68 0.66 0.67 0.51 0.50 0.51 0.00 0.00 0.00 0.57 0.64 0.62 0.52 0.51 0.52 0.63 0.61 0.62 0.57 0.55 0.57
0.54 0.52 0.53 0.53 0.52 0.52 0.53 0.53 0.52 0.68 0.66 0.67 0.52 0.51 0.52 0.00 0.00 0.00 0.59 0.66 0.64 0.48 0.48 0.49 0.60 0.58 0.58 0.60 0.57 0.60
0.62 0.57 0.61 0.57 0.61 0.58 0.56 0.53 0.53 0.44 0.45 0.45 0.53 0.57 0.55 0.57 0.57 0.59 0.00 0.01 0.00 0.45 0.45 0.46 0.61 0.62 0.64 0.51 0.51 0.51
0.60 0.55 0.59 0.54 0.59 0.56 0.58 0.55 0.55 0.41 0.42 0.43 0.57 0.61 0.60 0.64 0.64 0.66 0.01 0.00 0.00 0.44 0.44 0.45 0.58 0.59 0.61 0.47 0.47 0.47
0.60 0.55 0.59 0.55 0.59 0.56 0.54 0.52 0.52 0.44 0.45 0.45 0.55 0.59 0.58 0.62 0.62 0.64 0.00 0.00 0.00 0.47 0.47 0.48 0.61 0.62 0.63 0.48 0.48 0.48
0.54 0.53 0.53 0.61 0.63 0.63 0.60 0.58 0.63 0.53 0.55 0.55 0.56 0.58 0.55 0.48 0.52 0.48 0.45 0.44 0.47 0.00 0.00 0.00 0.44 0.44 0.46 0.66 0.64 0.66
0.54 0.53 0.53 0.59 0.61 0.60 0.61 0.59 0.65 0.54 0.56 0.57 0.58 0.60 0.57 0.48 0.51 0.48 0.45 0.44 0.47 0.00 0.00 0.00 0.45 0.45 0.46 0.62 0.60 0.62
0.53 0.52 0.52 0.62 0.64 0.64 0.59 0.57 0.62 0.55 0.57 0.57 0.55 0.58 0.55 0.48 0.52 0.49 0.46 0.45 0.48 0.00 0.00 0.00 0.45 0.46 0.47 0.63 0.61 0.63
0.54 0.60 0.55 0.43 0.54 0.54 0.61 0.65 0.66 0.54 0.54 0.52 0.55 0.51 0.52 0.62 0.63 0.60 0.61 0.58 0.61 0.44 0.45 0.45 0.00 0.00 0.00 0.66 0.64 0.65
0.55 0.61 0.57 0.43 0.54 0.53 0.57 0.62 0.63 0.57 0.58 0.56 0.58 0.54 0.56 0.60 0.61 0.58 0.62 0.59 0.62 0.44 0.45 0.46 0.00 0.00 0.00 0.64 0.61 0.63
0.51 0.58 0.53 0.41 0.52 0.52 0.60 0.65 0.65 0.55 0.55 0.54 0.56 0.52 0.53 0.60 0.62 0.58 0.64 0.61 0.63 0.46 0.46 0.47 0.00 0.00 0.00 0.65 0.63 0.64
0.51 0.45 0.47 0.52 0.47 0.45 0.52 0.53 0.51 0.52 0.51 0.51 0.62 0.62 0.66 0.60 0.57 0.60 0.51 0.47 0.48 0.66 0.62 0.63 0.66 0.64 0.65 0.00 0.00 0.00
0.50 0.45 0.47 0.53 0.49 0.46 0.51 0.53 0.52 0.54 0.53 0.53 0.67 0.67 0.71 0.57 0.55 0.57 0.51 0.47 0.48 0.64 0.60 0.61 0.64 0.61 0.63 0.00 0.00 0.00
0.50 0.45 0.47 0.51 0.47 0.44 0.51 0.52 0.51 0.51 0.50 0.51 0.66 0.65 0.69 0.60 0.57 0.60 0.51 0.47 0.48 0.66 0.62 0.63 0.65 0.63 0.64 0.00 0.00 0.00
